0.0184533 0.000244792 1 0
0.0343279 0.00260469 0.999999 0.00159702
0.0478226 0.00480549 0.999995 0.00319403
0.0601825 0.0068952 0.999989 0.00479104
0.071843 0.00890561 0.99998 0.00638804
0.0830186 0.0108562 0.999968 0.00798502
0.0938336 0.0127598 0.999954 0.00958197
0.104368 0.0146252 0.999938 0.0111789
0.114675 0.016459 0.999918 0.0127758
0.124796 0.0182659 0.999897 0.0143727
0.134759 0.0200498 0.999872 0.0159695
0.144587 0.0218136 0.999846 0.0175663
0.154298 0.0235597 0.999816 0.0191631
0.163906 0.0252902 0.999784 0.0207598
0.173424 0.0270067 0.99975 0.0223564
0.18286 0.0287105 0.999713 0.023953
0.192224 0.0304029 0.999674 0.0255495
0.201522 0.0320848 0.999631 0.027146
0.210759 0.0337573 0.999587 0.0287424
0.219942 0.0354209 0.99954 0.0303387
0.229075 0.0370764 0.99949 0.031935
0.238162 0.0387245 0.999438 0.0335311
0.247206 0.0403655 0.999383 0.0351272
0.25621 0.0420001 0.999325 0.0367232
0.265177 0.0436286 0.999266 0.0383191
0.274109 0.0452515 0.999203 0.0399149
0.28301 0.046869 0.999138 0.0415106
0.29188 0.0484815 0.99907 0.0431062
0.300722 0.0500892 0.999 0.0447017
0.309537 0.0516925 0.998928 0.046297
0.318327 0.0532916 0.998853 0.0478923
0.327093 0.0548866 0.998775 0.0494874
0.335836 0.0564779 0.998694 0.0510824
0.344558 0.0580655 0.998612 0.0526773
0.353259 0.0596498 0.998526 0.054272
0.361942 0.0612307 0.998438 0.0558666
0.370606 0.0628085 0.998348 0.0574611
0.379252 0.0643833 0.998255 0.0590554
0.387882 0.0659553 0.998159 0.0606495
0.396495 0.0675245 0.998061 0.0622435
0.405093 0.0690911 0.99796 0.0638374
0.413677 0.0706552 0.997857 0.065431
0.422247 0.0722168 0.997751 0.0670246
0.430803 0.0737762 0.997643 0.0686179
0.439346 0.0753333 0.997532 0.0702111
0.447877 0.0768883 0.997419 0.0718041
0.456395 0.0784412 0.997303 0.0733969
0.464903 0.0799921 0.997184 0.0749895
0.473399 0.081541 0.997063 0.0765819
0.481884 0.0830882 0.99694 0.0781741
0.49036 0.0846335 0.996814 0.0797662
0.498825 0.0861771 0.996685 0.081358
0.507281 0.087719 0.996554 0.0829496
0.515727 0.0892593 0.99642 0.084541
0.524165 0.090798 0.996284 0.0861322
0.532594 0.0923351 0.996145 0.0877232
0.541014 0.0938708 0.996004 0.0893139
0.549426 0.0954051 0.99586 0.0909045
0.557831 0.096938 0.995713 0.0924948
0.566228 0.0984695 0.995564 0.0940848
0.574617 0.0999997 0.995413 0.0956746
0.583 0.101529 0.995259 0.0972642
0.591375 0.103056 0.995102 0.0988535
0.599744 0.104583 0.994943 0.100443
0.608107 0.106108 0.994781 0.102031
0.616462 0.107632 0.994617 0.10362
0.624812 0.109155 0.99445 0.105208
0.633156 0.110677 0.994281 0.106796
0.641494 0.112198 0.994109 0.108384
0.649827 0.113718 0.993935 0.109972
0.658154 0.115237 0.993758 0.111559
0.666475 0.116755 0.993578 0.113146
0.674792 0.118272 0.993396 0.114732
0.683104 0.119788 0.993212 0.116319
0.69141 0.121303 0.993025 0.117905
0.699712 0.122818 0.992835 0.11949
0.70801 0.124331 0.992643 0.121076
0.716303 0.125843 0.992449 0.122661
0.724592 0.127355 0.992251 0.124246
0.732876 0.128866 0.992052 0.12583
0.741157 0.130376 0.99185 0.127414
0.749433 0.131885 0.991645 0.128998
0.757706 0.133394 0.991438 0.130582
0.765976 0.134902 0.991228 0.132165
0.774241 0.136409 0.991015 0.133748
0.782504 0.137915 0.990801 0.13533
0.790763 0.139421 0.990583 0.136912
0.799019 0.140926 0.990363 0.138494
0.807272 0.14243 0.990141 0.140076
0.815522 0.143934 0.989916 0.141657
0.82377 0.145437 0.989688 0.143237
0.832016 0.146939 0.989458 0.144818
0.840259 0.148441 0.989226 0.146398
0.8485 0.149942 0.988991 0.147977
0.856739 0.151442 0.988753 0.149557
0.864977 0.152942 0.988513 0.151136
0.873214 0.154441 0.98827 0.152714
0.88145 0.15594 0.988025 0.154292
0.889685 0.157438 0.987778 0.15587
0.897921 0.158935 0.987527 0.157447
0.906157 0.160432 0.987275 0.159024
0.914396 0.161929 0.987019 0.1606
0.922637 0.163424 0.986762 0.162177
0.930883 0.164919 0.986501 0.163752
0.939137 0.166414 0.986239 0.165328
0.947402 0.167907 0.985973 0.166902
0.955686 0.1694 0.985706 0.168477
0.964003 0.170891 0.985435 0.170051
0.972392 0.17238 0.985162 0.171624
0.981037 0.173851 0.984887 0.173197
0.995342 0.166939 0.984609 0.17477
1.01156 0.155909 0.984329 0.176342
1.02774 0.144899 0.984046 0.177914
1.04391 0.133896 0.983761 0.179485
1.06008 0.122896 0.983473 0.181056
1.07624 0.111897 0.983182 0.182627
1.0924 0.1009 0.982889 0.184197
1.10855 0.0899037 0.982594 0.185766
1.12471 0.0789078 0.982296 0.187335
1.14085 0.0679124 0.981996 0.188903
1.157 0.0569174 0.981693 0.190471
1.17314 0.0459227 0.981387 0.192039
1.18929 0.0349282 0.981079 0.193606
1.20542 0.0239339 0.980769 0.195173
1.22156 0.0129399 0.980456 0.196739
1.2377 0.001946 0.980141 0.198304
1.25383 -0.00904769 0.979823 0.199869
1.26996 -0.0200412 0.979502 0.201434
1.28609 -0.0310346 0.979179 0.202998
1.30222 -0.0420278 0.978854 0.204561
1.31835 -0.0530208 0.978526 0.206124
1.33447 -0.0640137 0.978195 0.207687
1.35059 -0.0750064 0.977862 0.209249
1.36672 -0.0859989 0.977527 0.21081
1.38284 -0.0969913 0.977189 0.212371
1.39896 -0.107984 0.976849 0.213931
1.41507 -0.118976 0.976506 0.215491
1.43119 -0.129967 0.97616 0.21705
1.4473 -0.140959 0.975813 0.218609
1.46342 -0.151951 0.975462 0.220167
1.47953 -0.162942 0.975109 0.221725
1.49564 -0.173933 0.974754 0.223282
1.51175 -0.184924 0.974396 0.224838
1.52786 -0.195915 0.974036 0.226394
1.54397 -0.206906 0.973673 0.227949
1.56008 -0.217896 0.973308 0.229504
1.57618 -0.228887 0.97294 0.231058
1.59229 -0.239877 0.97257 0.232611
1.60839 -0.250867 0.972197 0.234164
1.62449 -0.261857 0.971822 0.235717
1.64059 -0.272846 0.971444 0.237268
1.6567 -0.283836 0.971064 0.23882
1.6728 -0.294825 0.970681 0.24037
1.68889 -0.305814 0.970296 0.24192
1.70499 -0.316803 0.969909 0.243469
1.72109 -0.327792 0.969519 0.245018
1.73719 -0.33878 0.969126 0.246566
1.75328 -0.349769 0.968731 0.248113
1.76938 -0.360757 0.968334 0.24966
1.78547 -0.371745 0.967934 0.251206
1.80156 -0.382733 0.967531 0.252752
1.81766 -0.393721 0.967126 0.254296
1.83375 -0.404708 0.966719 0.255841
1.84984 -0.415696 0.966309 0.257384
1.86593 -0.426683 0.965897 0.258927
1.88202 -0.43767 0.965482 0.260469
1.89811 -0.448657 0.965065 0.262011
1.9142 -0.459643 0.964645 0.263552
1.93029 -0.47063 0.964223 0.265092
1.94637 -0.481616 0.963799 0.266632
1.96246 -0.492603 0.963371 0.26817
1.97855 -0.503589 0.962942 0.269709
1.99463 -0.514574 0.96251 0.271246
2.01072 -0.52556 0.962076 0.272783
2.0268 -0.536546 0.961639 0.274319
2.04288 -0.547531 0.961199 0.275854
2.05897 -0.558516 0.960758 0.277389
2.07505 -0.569502 0.960313 0.278923
2.09113 -0.580486 0.959867 0.280456
2.10721 -0.591471 0.959418 0.281989
2.12329 -0.602456 0.958966 0.283521
2.13937 -0.61344 0.958512 0.285052
2.15545 -0.624425 0.958056 0.286582
2.17153 -0.635409 0.957597 0.288112
2.18761 -0.646393 0.957135 0.289641
2.20369 -0.657377 0.956672 0.291169
2.21977 -0.668361 0.956205 0.292697
2.23584 -0.679344 0.955737 0.294223
2.25192 -0.690328 0.955266 0.295749
2.268 -0.701311 0.954792 0.297274
2.28407 -0.712294 0.954316 0.298799
2.30015 -0.723277 0.953838 0.300323
2.31622 -0.73426 0.953357 0.301845
2.3323 -0.745243 0.952874 0.303368
2.34837 -0.756226 0.952388 0.304889
2.36445 -0.767208 0.9519 0.30641
2.38052 -0.77819 0.951409 0.307929
2.3966 -0.789173 0.950916 0.309448
2.41267 -0.800155 0.950421 0.310967
2.42874 -0.811137 0.949923 0.312484
2.44481 -0.822119 0.949423 0.314001
2.46088 -0.8331 0.94892 0.315517
2.47696 -0.844082 0.948415 0.317032
2.49303 -0.855064 0.947907 0.318546
2.5091 -0.866045 0.947398 0.320059
2.52517 -0.877026 0.946885 0.321572
2.54124 -0.888007 0.94637 0.323084
2.55731 -0.898988 0.945853 0.324595
2.57338 -0.909969 0.945334 0.326105
2.58945 -0.92095 0.944812 0.327614
2.60551 -0.931931 0.944287 0.329123
2.62158 -0.942911 0.94376 0.33063
2.63765 -0.953892 0.943231 0.332137
2.65372 -0.964872 0.9427 0.333643
2.66979 -0.975852 0.942166 0.335148
2.68585 -0.986832 0.941629 0.336652
2.70192 -0.997812 0.94109 0.338156
2.71799 -1.00879 0.940549 0.339658
2.73405 -1.01977 0.940005 0.34116
2.75012 -1.03075 0.939459 0.34266
2.76618 -1.04173 0.938911 0.34416
2.78225 -1.05271 0.93836 0.345659
2.79832 -1.06369 0.937807 0.347158
2.81438 -1.07467 0.937251 0.348655
2.83044 -1.08565 0.936693 0.350151
2.84651 -1.09663 0.936133 0.351647
2.86257 -1.10761 0.93557 0.353141
2.87864 -1.11858 0.935005 0.354635
2.8947 -1.12956 0.934437 0.356128
2.91076 -1.14054 0.933867 0.35762
2.92683 -1.15152 0.933295 0.35911
2.94289 -1.1625 0.93272 0.3606
2.95895 -1.17348 0.932143 0.36209
2.97501 -1.18446 0.931564 0.363578
2.99108 -1.19543 0.930982 0.365065
3.00714 -1.20641 0.930398 0.366551
3.0232 -1.21739 0.929811 0.368037
3.03926 -1.22837 0.929222 0.369521
3.05532 -1.23935 0.928631 0.371005
3.07138 -1.25032 0.928037 0.372487
3.08745 -1.2613 0.927441 0.373969
3.10351 -1.27228 0.926843 0.37545
3.11957 -1.28326 0.926242 0.376929
3.13563 -1.29423 0.925639 0.378408
3.15169 -1.30521 0.925033 0.379886
3.16775 -1.31619 0.924426 0.381363
3.18381 -1.32716 0.923815 0.382838
3.19987 -1.33814 0.923203 0.384313
3.21592 -1.34912 0.922588 0.385787
3.23198 -1.3601 0.92197 0.38726
3.24804 -1.37107 0.921351 0.388732
3.2641 -1.38205 0.920729 0.390203
3.28016 -1.39303 0.920105 0.391673
3.29622 -1.404 0.919478 0.393142
3.31228 -1.41498 0.918849 0.39461
3.32833 -1.42595 0.918217 0.396077
3.34439 -1.43693 0.917584 0.397543
3.36045 -1.44791 0.916948 0.399007
3.37651 -1.45888 0.916309 0.400471
3.39256 -1.46986 0.915669 0.401934
3.40862 -1.48084 0.915025 0.403396
3.42468 -1.49181 0.91438 0.404857
3.44073 -1.50279 0.913732 0.406317
3.45679 -1.51376 0.913082 0.407775
3.47285 -1.52474 0.91243 0.409233
3.4889 -1.53571 0.911775 0.41069
3.50496 -1.54669 0.911118 0.412145
3.52101 -1.55766 0.910459 0.4136
3.53707 -1.56864 0.909797 0.415053
3.55313 -1.57962 0.909133 0.416506
3.56918 -1.59059 0.908467 0.417957
3.58524 -1.60157 0.907798 0.419407
3.60129 -1.61254 0.907127 0.420857
3.61735 -1.62352 0.906454 0.422305
3.6334 -1.63449 0.905778 0.423752
3.64946 -1.64547 0.9051 0.425198
3.66551 -1.65644 0.90442 0.426643
3.68156 -1.66742 0.903738 0.428087
3.69762 -1.67839 0.903053 0.429529
3.71367 -1.68936 0.902366 0.430971
3.72973 -1.70034 0.901676 0.432412
3.74578 -1.71131 0.900985 0.433851
3.76183 -1.72229 0.900291 0.435289
3.77789 -1.73326 0.899594 0.436727
3.79394 -1.74424 0.898896 0.438163
3.80999 -1.75521 0.898195 0.439598
3.82605 -1.76619 0.897492 0.441032
3.8421 -1.77716 0.896786 0.442464
3.85815 -1.78813 0.896078 0.443896
3.87421 -1.79911 0.895368 0.445326
3.89026 -1.81008 0.894656 0.446756
3.90631 -1.82106 0.893941 0.448184
3.92236 -1.83203 0.893224 0.449611
3.93841 -1.843 0.892505 0.451037
3.95447 -1.85398 0.891784 0.452462
3.97052 -1.86495 0.89106 0.453885
3.98657 -1.87592 0.890334 0.455308
4.00262 -1.8869 0.889606 0.456729
4.01867 -1.89787 0.888875 0.458149
4.03473 -1.90884 0.888142 0.459568
4.05078 -1.91982 0.887407 0.460986
4.06683 -1.93079 0.88667 0.462403
4.08288 -1.94176 0.88593 0.463818
4.09893 -1.95274 0.885189 0.465232
4.11498 -1.96371 0.884444 0.466645
4.13103 -1.97468 0.883698 0.468057
4.14708 -1.98566 0.88295 0.469468
4.16313 -1.99663 0.882199 0.470877
4.17918 -2.0076 0.881446 0.472286
4.19523 -2.01858 0.88069 0.473693
4.21128 -2.02955 0.879933 0.475099
4.22733 -2.04052 0.879173 0.476503
4.24338 -2.05149 0.878411 0.477907
4.25943 -2.06247 0.877646 0.479309
4.27548 -2.07344 0.87688 0.48071
4.29153 -2.08441 0.876111 0.48211
4.30758 -2.09539 0.87534 0.483508
4.32363 -2.10636 0.874566 0.484906
4.33968 -2.11733 0.873791 0.486302
4.35573 -2.1283 0.873013 0.487697
4.37178 -2.13928 0.872233 0.48909
4.38783 -2.15025 0.871451 0.490483
4.40388 -2.16122 0.870667 0.491874
4.41993 -2.17219 0.86988 0.493264
4.43598 -2.18316 0.869091 0.494652
4.45203 -2.19414 0.8683 0.496039
4.46807 -2.20511 0.867507 0.497425
4.48412 -2.21608 0.866711 0.49881
4.50017 -2.22705 0.865913 0.500194
4.51622 -2.23802 0.865114 0.501576
4.53227 -2.249 0.864311 0.502957
4.54832 -2.25997 0.863507 0.504337
4.56436 -2.27094 0.862701 0.505715
4.58041 -2.28191 0.861892 0.507092
4.59646 -2.29288 0.861081 0.508468
4.61251 -2.30385 0.860268 0.509843
4.62856 -2.31483 0.859452 0.511216
4.6446 -2.3258 0.858635 0.512588
4.66065 -2.33677 0.857815 0.513958
4.6767 -2.34774 0.856993 0.515328
4.69275 -2.35871 0.856169 0.516695
4.70879 -2.36968 0.855343 0.518062
4.72484 -2.38066 0.854515 0.519427
4.74089 -2.39163 0.853684 0.520792
4.75694 -2.4026 0.852851 0.522154
4.77298 -2.41357 0.852016 0.523516
4.78903 -2.42454 0.851179 0.524876
4.80508 -2.43551 0.85034 0.526234
4.82112 -2.44648 0.849498 0.527592
4.83717 -2.45745 0.848654 0.528948
4.85322 -2.46842 0.847809 0.530302
4.86926 -2.4794 0.846961 0.531656
4.88531 -2.49037 0.846111 0.533007
4.90136 -2.50134 0.845258 0.534358
4.9174 -2.51231 0.844404 0.535707
4.93345 -2.52328 0.843547 0.537055
4.94949 -2.53425 0.842688 0.538402
4.96554 -2.54522 0.841828 0.539747
4.98159 -2.55619 0.840964 0.54109
4.99763 -2.56716 0.840099 0.542433
5.01368 -2.57813 0.839232 0.543774
5.02972 -2.5891 0.838362 0.545113
5.04577 -2.60007 0.837491 0.546451
5.06182 -2.61105 0.836617 0.547788
5.07786 -2.62202 0.835741 0.549124
5.09391 -2.63299 0.834863 0.550458
5.10995 -2.64396 0.833983 0.55179
5.126 -2.65493 0.833101 0.553121
5.14204 -2.6659 0.832216 0.554451
5.15809 -2.67687 0.83133 0.55578
5.17413 -2.68784 0.830441 0.557106
5.19018 -2.69881 0.82955 0.558432
5.20622 -2.70978 0.828657 0.559756
5.22227 -2.72075 0.827762 0.561079
5.23831 -2.73172 0.826865 0.5624
5.25436 -2.74269 0.825966 0.56372
5.2704 -2.75366 0.825065 0.565038
5.28645 -2.76463 0.824161 0.566355
5.30249 -2.7756 0.823256 0.567671
5.31854 -2.78657 0.822348 0.568985
5.33458 -2.79754 0.821438 0.570297
5.35063 -2.80851 0.820527 0.571608
5.36667 -2.81948 0.819613 0.572918
5.38271 -2.83045 0.818697 0.574226
5.39876 -2.84142 0.817779 0.575533
5.4148 -2.85239 0.816858 0.576838
5.43085 -2.86336 0.815936 0.578142
5.44689 -2.87433 0.815012 0.579444
5.46294 -2.8853 0.814085 0.580745
5.47898 -2.89627 0.813157 0.582045
5.49502 -2.90724 0.812226 0.583342
5.51107 -2.91821 0.811294 0.584639
5.52711 -2.92918 0.810359 0.585934
5.54316 -2.94015 0.809422 0.587227
5.5592 -2.95112 0.808483 0.588519
5.57524 -2.96208 0.807542 0.589809
5.59129 -2.97305 0.806599 0.591098
5.60733 -2.98402 0.805654 0.592386
5.62337 -2.99499 0.804707 0.593672
5.63942 -3.00596 0.803758 0.594956
5.65546 -3.01693 0.802807 0.596239
5.6715 -3.0279 0.801854 0.59752
5.68755 -3.03887 0.800899 0.5988
5.70359 -3.04984 0.799941 0.600078
5.71963 -3.06081 0.798982 0.601355
5.73568 -3.07178 0.79802 0.60263
5.75172 -3.08275 0.797057 0.603904
5.76776 -3.09372 0.796092 0.605176
5.78381 -3.10469 0.795124 0.606447
5.79985 -3.11565 0.794155 0.607716
5.81589 -3.12662 0.793183 0.608983
5.83193 -3.13759 0.792209 0.610249
5.84798 -3.14856 0.791234 0.611514
5.86402 -3.15953 0.790256 0.612777
5.88006 -3.1705 0.789277 0.614038
5.8961 -3.18147 0.788295 0.615297
5.91215 -3.19244 0.787311 0.616556
5.92819 -3.20341 0.786326 0.617812
5.94423 -3.21438 0.785338 0.619067
5.96027 -3.22534 0.784348 0.620321
5.97632 -3.23631 0.783357 0.621572
5.99236 -3.24728 0.782363 0.622823
6.0084 -3.25825 0.781367 0.624071
6.02444 -3.26922 0.78037 0.625318
6.04049 -3.28019 0.77937 0.626564
6.05653 -3.29116 0.778368 0.627808
6.07257 -3.30213 0.777365 0.62905
6.08861 -3.31309 0.776359 0.630291
6.10465 -3.32406 0.775352 0.63153
6.1207 -3.33503 0.774342 0.632767
6.13674 -3.346 0.773331 0.634003
6.15278 -3.35697 0.772317 0.635237
6.16882 -3.36794 0.771302 0.63647
6.18486 -3.3789 0.770284 0.637701
6.2009 -3.38987 0.769265 0.63893
6.21695 -3.40084 0.768243 0.640158
6.23299 -3.41181 0.76722 0.641384
6.24903 -3.42278 0.766195 0.642608
6.26507 -3.43375 0.765168 0.643831
6.28111 -3.44472 0.764138 0.645052
6.29715 -3.45568 0.763107 0.646272
6.31319 -3.46665 0.762074 0.64749
6.32924 -3.47762 0.761039 0.648706
6.34528 -3.48859 0.760002 0.649921
6.36132 -3.49956 0.758963 0.651133
6.37736 -3.51052 0.757922 0.652345
6.3934 -3.52149 0.75688 0.653554
6.40944 -3.53246 0.755835 0.654762
6.42548 -3.54343 0.754788 0.655968
6.44152 -3.5544 0.75374 0.657173
6.45756 -3.56536 0.752689 0.658376
6.47361 -3.57633 0.751637 0.659577
6.48965 -3.5873 0.750583 0.660777
6.50569 -3.59827 0.749526 0.661975
6.52173 -3.60924 0.748468 0.663171
6.53777 -3.6202 0.747408 0.664365
6.55381 -3.63117 0.746346 0.665558
6.56985 -3.64214 0.745282 0.666749
6.58589 -3.65311 0.744217 0.667938
6.60193 -3.66408 0.743149 0.669126
6.61797 -3.67504 0.742079 0.670312
6.63401 -3.68601 0.741008 0.671496
6.65005 -3.69698 0.739935 0.672679
6.66609 -3.70795 0.738859 0.67386
6.68213 -3.71892 0.737782 0.675039
6.69817 -3.72988 0.736703 0.676216
6.71422 -3.74085 0.735622 0.677392
6.73026 -3.75182 0.73454 0.678566
6.7463 -3.76279 0.733455 0.679738
6.76234 -3.77375 0.732369 0.680908
6.77838 -3.78472 0.73128 0.682077
6.79442 -3.79569 0.73019 0.683244
6.81046 -3.80666 0.729098 0.684409
6.8265 -3.81762 0.728004 0.685573
6.84254 -3.82859 0.726908 0.686735
6.85858 -3.83956 0.72581 0.687895
6.87462 -3.85053 0.724711 0.689053
6.89066 -3.86149 0.72361 0.69021
6.9067 -3.87246 0.722506 0.691364
6.92274 -3.88343 0.721401 0.692517
6.93878 -3.8944 0.720294 0.693668
6.95482 -3.90536 0.719186 0.694818
6.97086 -3.91633 0.718075 0.695966
6.9869 -3.9273 0.716963 0.697111
7.00294 -3.93827 0.715849 0.698256
7.01898 -3.94923 0.714733 0.699398
7.03501 -3.9602 0.713615 0.700538
7.05105 -3.97117 0.712495 0.701677
7.06709 -3.98213 0.711373 0.702814
7.08313 -3.9931 0.71025 0.703949
7.09917 -4.00407 0.709125 0.705083
7.11521 -4.01504 0.707998 0.706214
7.13125 -4.026 0.706869 0.707344
7.14729 -4.03697 0.705739 0.708472
7.16333 -4.04794 0.704606 0.709598
7.17937 -4.0589 0.703472 0.710723
7.19541 -4.06987 0.702336 0.711845
7.21145 -4.08084 0.701199 0.712966
7.22749 -4.09181 0.700059 0.714085
7.24353 -4.10277 0.698918 0.715202
7.25957 -4.11374 0.697775 0.716317
7.27561 -4.12471 0.69663 0.717431
7.29164 -4.13567 0.695483 0.718542
7.30768 -4.14664 0.694335 0.719652
7.32372 -4.15761 0.693185 0.72076
7.33976 -4.16858 0.692033 0.721866
7.3558 -4.17954 0.690879 0.72297
7.37184 -4.19051 0.689724 0.724073
7.38788 -4.20148 0.688566 0.725173
7.40392 -4.21244 0.687407 0.726272
7.41996 -4.22341 0.686247 0.727369
7.43599 -4.23438 0.685084 0.728464
7.45203 -4.24534 0.68392 0.729557
7.46807 -4.25631 0.682754 0.730648
7.48411 -4.26728 0.681586 0.731738
7.50015 -4.27824 0.680417 0.732825
7.51619 -4.28921 0.679245 0.733911
7.53223 -4.30018 0.678073 0.734995
7.54827 -4.31114 0.676898 0.736077
7.5643 -4.32211 0.675721 0.737157
7.58034 -4.33308 0.674543 0.738235
7.59638 -4.34404 0.673363 0.739312
7.61242 -4.35501 0.672182 0.740386
7.62846 -4.36598 0.670999 0.741459
7.6445 -4.37694 0.669814 0.742529
7.66054 -4.38791 0.668627 0.743598
7.67657 -4.39888 0.667439 0.744665
7.69261 -4.40984 0.666249 0.74573
7.70865 -4.42081 0.665057 0.746793
7.72469 -4.43178 0.663863 0.747854
7.74073 -4.44274 0.662668 0.748913
7.75677 -4.45371 0.661471 0.749971
7.7728 -4.46468 0.660273 0.751026
7.78884 -4.47564 0.659072 0.75208
7.80488 -4.48661 0.65787 0.753131
7.82092 -4.49758 0.656667 0.754181
7.83696 -4.50854 0.655462 0.755229
7.85299 -4.51951 0.654255 0.756274
7.86903 -4.53047 0.653046 0.757318
7.88507 -4.54144 0.651836 0.75836
7.90111 -4.55241 0.650624 0.7594
7.91715 -4.56337 0.64941 0.760438
7.93318 -4.57434 0.648195 0.761474
7.94922 -4.58531 0.646978 0.762509
7.96526 -4.59627 0.645759 0.763541
7.9813 -4.60724 0.644539 0.764571
7.99734 -4.61821 0.643317 0.7656
8.01337 -4.62917 0.642094 0.766626
8.02941 -4.64014 0.640869 0.767651
8.04545 -4.6511 0.639642 0.768673
8.06149 -4.66207 0.638414 0.769694
8.07752 -4.67304 0.637183 0.770712
8.09356 -4.684 0.635952 0.771729
8.1096 -4.69497 0.634719 0.772743
8.12564 -4.70593 0.633484 0.773756
8.14168 -4.7169 0.632247 0.774767
8.15771 -4.72787 0.631009 0.775775
8.17375 -4.73883 0.629769 0.776782
8.18979 -4.7498 0.628528 0.777787
8.20583 -4.76077 0.627285 0.77879
8.22186 -4.77173 0.62604 0.779791
8.2379 -4.7827 0.624794 0.780789
8.25394 -4.79366 0.623547 0.781786
8.26998 -4.80463 0.622297 0.782781
8.28601 -4.8156 0.621046 0.783774
8.30205 -4.82656 0.619794 0.784765
8.31809 -4.83753 0.61854 0.785753
8.33412 -4.84849 0.617284 0.78674
8.35016 -4.85946 0.616027 0.787725
8.3662 -4.87043 0.614768 0.788708
8.38224 -4.88139 0.613508 0.789689
8.39827 -4.89236 0.612246 0.790667
8.41431 -4.90332 0.610982 0.791644
8.43035 -4.91429 0.609717 0.792619
8.44639 -4.92525 0.608451 0.793592
8.46242 -4.93622 0.607183 0.794562
8.47846 -4.94719 0.605913 0.795531
8.4945 -4.95815 0.604642 0.796498
8.51053 -4.96912 0.603369 0.797462
8.52657 -4.98008 0.602094 0.798425
8.54261 -4.99105 0.600819 0.799385
8.55864 -5.00202 0.599541 0.800344
8.57468 -5.01298 0.598262 0.8013
8.59072 -5.02395 0.596982 0.802255
8.60676 -5.03491 0.5957 0.803207
8.62279 -5.04588 0.594416 0.804157
8.63883 -5.05684 0.593131 0.805106
8.65487 -5.06781 0.591845 0.806052
8.6709 -5.07878 0.590557 0.806996
8.68694 -5.08974 0.589267 0.807938
8.70298 -5.10071 0.587976 0.808878
8.71901 -5.11167 0.586684 0.809816
8.73505 -5.12264 0.58539 0.810752
8.75109 -5.1336 0.584094 0.811686
8.76712 -5.14457 0.582797 0.812618
8.78316 -5.15553 0.581499 0.813547
8.7992 -5.1665 0.580199 0.814475
8.81523 -5.17747 0.578897 0.815401
8.83127 -5.18843 0.577594 0.816324
8.84731 -5.1994 0.57629 0.817246
8.86334 -5.21036 0.574984 0.818165
8.87938 -5.22133 0.573676 0.819082
8.89542 -5.23229 0.572368 0.819997
8.91145 -5.24326 0.571057 0.82091
8.92749 -5.25422 0.569746 0.821821
8.94353 -5.26519 0.568432 0.82273
8.95956 -5.27616 0.567118 0.823637
8.9756 -5.28712 0.565802 0.824541
8.99164 -5.29809 0.564484 0.825444
9.00767 -5.30905 0.563165 0.826344
9.02371 -5.32002 0.561845 0.827243
9.03974 -5.33098 0.560523 0.828139
9.05578 -5.34195 0.5592 0.829033
9.07182 -5.35291 0.557875 0.829925
9.08785 -5.36388 0.556549 0.830815
9.10389 -5.37484 0.555221 0.831703
9.11993 -5.38581 0.553892 0.832588
9.13596 -5.39677 0.552562 0.833472
9.152 -5.40774 0.55123 0.834353
9.16803 -5.41871 0.549897 0.835232
9.18407 -5.42967 0.548562 0.83611
9.20011 -5.44064 0.547226 0.836985
9.21614 -5.4516 0.545889 0.837857
9.23218 -5.46257 0.54455 0.838728
9.24822 -5.47353 0.54321 0.839597
9.26425 -5.4845 0.541869 0.840463
9.28029 -5.49546 0.540526 0.841328
9.29632 -5.50643 0.539181 0.84219
9.31236 -5.51739 0.537836 0.84305
9.3284 -5.52836 0.536489 0.843908
9.34443 -5.53932 0.53514 0.844763
9.36047 -5.55029 0.53379 0.845617
9.3765 -5.56125 0.532439 0.846468
9.39254 -5.57222 0.531087 0.847317
9.40858 -5.58318 0.529733 0.848165
9.42461 -5.59415 0.528378 0.849009
9.44065 -5.60511 0.527021 0.849852
9.45668 -5.61608 0.525663 0.850693
9.47272 -5.62704 0.524304 0.851531
9.48875 -5.63801 0.522943 0.852367
9.50479 -5.64897 0.521582 0.853201
9.52083 -5.65994 0.520218 0.854033
9.53686 -5.6709 0.518854 0.854863
9.5529 -5.68187 0.517488 0.855691
9.56893 -5.69283 0.516121 0.856516
9.58497 -5.7038 0.514752 0.857339
9.60101 -5.71476 0.513382 0.85816
9.61704 -5.72573 0.512011 0.858979
9.63308 -5.73669 0.510639 0.859795
9.64911 -5.74766 0.509265 0.86061
9.66515 -5.75862 0.50789 0.861422
9.68118 -5.76959 0.506513 0.862232
9.69722 -5.78055 0.505136 0.86304
9.71325 -5.79152 0.503757 0.863845
9.72929 -5.80248 0.502377 0.864649
9.74533 -5.81345 0.500995 0.86545
9.76136 -5.82441 0.499612 0.866249
9.7774 -5.83538 0.498228 0.867046
9.79343 -5.84634 0.496843 0.86784
9.80947 -5.85731 0.495456 0.868633
9.8255 -5.86827 0.494069 0.869423
9.84154 -5.87924 0.492679 0.870211
9.85757 -5.8902 0.491289 0.870997
9.87361 -5.90117 0.489897 0.87178
9.88965 -5.91213 0.488505 0.872561
9.90568 -5.9231 0.48711 0.87334
9.92172 -5.93406 0.485715 0.874117
9.93775 -5.94503 0.484318 0.874892
9.95379 -5.95599 0.482921 0.875664
9.96982 -5.96696 0.481522 0.876434
9.98586 -5.97792 0.480121 0.877202
10.0019 -5.98889 0.47872 0.877968
10.0179 -5.99985 0.477317 0.878731
10.034 -6.01082 0.475913 0.879492
10.05 -6.02178 0.474508 0.880251
10.066 -6.03275 0.473101 0.881008
10.0821 -6.04371 0.471694 0.881762
10.0981 -6.05467 0.470285 0.882515
10.1141 -6.06564 0.468875 0.883264
10.1302 -6.0766 0.467464 0.884012
10.1462 -6.08757 0.466052 0.884758
10.1622 -6.09853 0.464638 0.885501
10.1783 -6.1095 0.463223 0.886242
10.1943 -6.12046 0.461807 0.88698
10.2103 -6.13143 0.46039 0.887717
10.2264 -6.14239 0.458972 0.888451
10.2424 -6.15336 0.457552 0.889183
10.2585 -6.16432 0.456132 0.889912
10.2745 -6.17529 0.45471 0.89064
10.2905 -6.18625 0.453287 0.891365
10.3066 -6.19721 0.451863 0.892087
10.3226 -6.20818 0.450438 0.892808
10.3386 -6.21914 0.449011 0.893526
10.3547 -6.23011 0.447584 0.894242
10.3707 -6.24107 0.446155 0.894956
10.3867 -6.25204 0.444725 0.895667
10.4028 -6.263 0.443294 0.896376
10.4188 -6.27397 0.441862 0.897083
10.4348 -6.28493 0.440429 0.897787
10.4509 -6.2959 0.438995 0.89849
10.4669 -6.30686 0.437559 0.89919
10.4829 -6.31782 0.436123 0.899887
10.499 -6.32879 0.434685 0.900583
10.515 -6.33975 0.433246 0.901276
10.531 -6.35072 0.431806 0.901966
10.5471 -6.36168 0.430365 0.902655
10.5631 -6.37265 0.428923 0.903341
10.5792 -6.38361 0.42748 0.904025
10.5952 -6.39458 0.426036 0.904706
10.6112 -6.40554 0.42459 0.905386
10.6273 -6.4165 0.423144 0.906063
10.6433 -6.42747 0.421696 0.906737
10.6593 -6.43843 0.420248 0.90741
10.6754 -6.4494 0.418798 0.908079
10.6914 -6.46036 0.417347 0.908747
10.7074 -6.47133 0.415895 0.909413
10.7235 -6.48229 0.414442 0.910076
10.7395 -6.49325 0.412988 0.910736
10.7555 -6.50422 0.411533 0.911395
10.7716 -6.51518 0.410077 0.912051
10.7876 -6.52615 0.40862 0.912704
10.8036 -6.53711 0.407162 0.913356
10.8197 -6.54808 0.405703 0.914005
10.8357 -6.55904 0.404243 0.914652
10.8517 -6.57001 0.402782 0.915296
10.8678 -6.58097 0.401319 0.915938
10.8838 -6.59193 0.399856 0.916578
10.8998 -6.6029 0.398392 0.917215
10.9159 -6.61386 0.396926 0.91785
10.9319 -6.62483 0.39546 0.918483
10.9479 -6.63579 0.393993 0.919114
10.964 -6.64675 0.392524 0.919742
10.98 -6.65772 0.391055 0.920367
10.9961 -6.66868 0.389585 0.920991
11.0121 -6.67965 0.388113 0.921612
11.0281 -6.69061 0.386641 0.92223
11.0442 -6.70158 0.385168 0.922847
11.0602 -6.71254 0.383693 0.923461
11.0762 -6.7235 0.382218 0.924072
11.0923 -6.73447 0.380742 0.924681
11.1083 -6.74543 0.379265 0.925288
11.1243 -6.7564 0.377787 0.925893
11.1404 -6.76736 0.376307 0.926495
11.1564 -6.77832 0.374827 0.927095
11.1724 -6.78929 0.373346 0.927692
11.1885 -6.80025 0.371864 0.928287
11.2045 -6.81122 0.370381 0.92888
11.2205 -6.82218 0.368897 0.92947
11.2366 -6.83315 0.367412 0.930058
11.2526 -6.84411 0.365927 0.930644
11.2686 -6.85507 0.36444 0.931227
11.2847 -6.86604 0.362952 0.931808
11.3007 -6.877 0.361464 0.932386
11.3167 -6.88797 0.359974 0.932962
11.3328 -6.89893 0.358484 0.933536
11.3488 -6.90989 0.356992 0.934107
11.3648 -6.92086 0.3555 0.934676
11.3809 -6.93182 0.354007 0.935243
11.3969 -6.94279 0.352513 0.935807
11.4129 -6.95375 0.351018 0.936369
11.429 -6.96471 0.349522 0.936928
11.445 -6.97568 0.348025 0.937485
11.461 -6.98664 0.346528 0.93804
11.4771 -6.99761 0.345029 0.938592
11.4931 -7.00857 0.34353 0.939142
11.5091 -7.01953 0.34203 0.939689
11.5252 -7.0305 0.340529 0.940234
11.5412 -7.04146 0.339027 0.940777
11.5572 -7.05243 0.337524 0.941317
11.5733 -7.06339 0.33602 0.941855
11.5893 -7.07435 0.334515 0.94239
11.6053 -7.08532 0.33301 0.942923
11.6214 -7.09628 0.331504 0.943454
11.6374 -7.10725 0.329996 0.943982
11.6534 -7.11821 0.328489 0.944508
11.6695 -7.12917 0.32698 0.945031
11.6855 -7.14014 0.32547 0.945552
11.7016 -7.1511 0.32396 0.946071
11.7176 -7.16206 0.322448 0.946587
11.7336 -7.17303 0.320936 0.947101
11.7497 -7.18399 0.319423 0.947612
11.7657 -7.19496 0.317909 0.948121
11.7817 -7.20592 0.316395 0.948628
11.7978 -7.21688 0.314879 0.949132
11.8138 -7.22785 0.313363 0.949633
11.8298 -7.23881 0.311846 0.950133
11.8459 -7.24978 0.310329 0.950629
11.8619 -7.26074 0.30881 0.951124
11.8779 -7.2717 0.307291 0.951616
11.894 -7.28267 0.30577 0.952105
11.91 -7.29363 0.30425 0.952592
11.926 -7.30459 0.302728 0.953077
11.9421 -7.31556 0.301205 0.953559
11.9581 -7.32652 0.299682 0.954039
11.9741 -7.33749 0.298158 0.954516
11.9902 -7.34845 0.296633 0.954991
12.0062 -7.35941 0.295108 0.955464
12.0222 -7.37038 0.293582 0.955934
12.0383 -7.38134 0.292055 0.956402
12.0543 -7.3923 0.290527 0.956867
12.0703 -7.40327 0.288998 0.95733
12.0864 -7.41423 0.287469 0.95779
12.1024 -7.4252 0.285939 0.958248
12.1184 -7.43616 0.284408 0.958703
12.1345 -7.44712 0.282877 0.959156
12.1505 -7.45809 0.281345 0.959607
12.1665 -7.46905 0.279812 0.960055
12.1826 -7.48001 0.278278 0.9605
12.1986 -7.49098 0.276744 0.960944
12.2146 -7.50194 0.275209 0.961384
12.2307 -7.5129 0.273673 0.961823
12.2467 -7.52387 0.272137 0.962259
12.2627 -7.53483 0.2706 0.962692
12.2788 -7.5458 0.269062 0.963123
12.2948 -7.55676 0.267524 0.963551
12.3108 -7.56772 0.265984 0.963977
12.3269 -7.57869 0.264445 0.964401
12.3429 -7.58965 0.262904 0.964822
12.3589 -7.60061 0.261363 0.965241
12.375 -7.61158 0.259821 0.965657
12.391 -7.62254 0.258279 0.96607
12.407 -7.6335 0.256735 0.966482
12.4231 -7.64447 0.255192 0.96689
12.4391 -7.65543 0.253647 0.967297
12.4551 -7.6664 0.252102 0.967701
12.4712 -7.67736 0.250556 0.968102
12.4872 -7.68832 0.24901 0.968501
12.5032 -7.69929 0.247463 0.968897
12.5193 -7.71025 0.245915 0.969291
12.5353 -7.72121 0.244367 0.969683
12.5513 -7.73218 0.242818 0.970072
12.5674 -7.74314 0.241268 0.970458
12.5834 -7.7541 0.239718 0.970842
12.5994 -7.76507 0.238168 0.971224
12.6155 -7.77603 0.236616 0.971603
12.6315 -7.78699 0.235064 0.97198
12.6475 -7.79796 0.233512 0.972354
12.6636 -7.80892 0.231958 0.972726
12.6796 -7.81988 0.230405 0.973095
12.6956 -7.83085 0.22885 0.973462
12.7117 -7.84181 0.227295 0.973826
12.7277 -7.85277 0.22574 0.974188
12.7437 -7.86374 0.224184 0.974547
12.7598 -7.8747 0.222627 0.974904
12.7758 -7.88567 0.22107 0.975258
12.7918 -7.89663 0.219512 0.97561
12.8079 -7.90759 0.217954 0.975959
12.8239 -7.91856 0.216395 0.976306
12.8399 -7.92952 0.214835 0.97665
12.856 -7.94048 0.213275 0.976992
12.872 -7.95145 0.211715 0.977331
12.888 -7.96241 0.210154 0.977668
12.9041 -7.97337 0.208592 0.978003
12.9201 -7.98434 0.20703 0.978335
12.9361 -7.9953 0.205467 0.978664
12.9522 -8.00626 0.203904 0.978991
12.9682 -8.01723 0.20234 0.979315
12.9842 -8.02819 0.200776 0.979637
13.0003 -8.03915 0.199211 0.979957
13.0163 -8.05012 0.197646 0.980273
13.0323 -8.06108 0.19608 0.980588
13.0484 -8.07204 0.194514 0.9809
13.0644 -8.08301 0.192947 0.981209
13.0804 -8.09397 0.19138 0.981516
13.0965 -8.10493 0.189812 0.98182
13.1125 -8.1159 0.188244 0.982122
13.1285 -8.12686 0.186675 0.982422
13.1446 -8.13782 0.185106 0.982719
13.1606 -8.14879 0.183537 0.983013
13.1766 -8.15975 0.181966 0.983305
13.1927 -8.17071 0.180396 0.983594
13.2087 -8.18168 0.178825 0.983881
13.2247 -8.19264 0.177253 0.984165
13.2407 -8.2036 0.175681 0.984447
13.2568 -8.21457 0.174109 0.984726
13.2728 -8.22553 0.172536 0.985003
13.2888 -8.23649 0.170963 0.985277
13.3049 -8.24746 0.169389 0.985549
13.3209 -8.25842 0.167815 0.985819
13.3369 -8.26938 0.16624 0.986085
13.353 -8.28035 0.164665 0.986349
13.369 -8.29131 0.16309 0.986611
13.385 -8.30227 0.161514 0.98687
13.4011 -8.31323 0.159938 0.987127
13.4171 -8.3242 0.158361 0.987381
13.4331 -8.33516 0.156784 0.987633
13.4492 -8.34612 0.155207 0.987882
13.4652 -8.35709 0.153629 0.988129
13.4812 -8.36805 0.152051 0.988373
13.4973 -8.37901 0.150472 0.988614
13.5133 -8.38998 0.148893 0.988853
13.5293 -8.40094 0.147313 0.98909
13.5454 -8.4119 0.145734 0.989324
13.5614 -8.42287 0.144153 0.989555
13.5774 -8.43383 0.142573 0.989784
13.5935 -8.44479 0.140992 0.990011
13.6095 -8.45576 0.139411 0.990235
13.6255 -8.46672 0.137829 0.990456
13.6416 -8.47768 0.136247 0.990675
13.6576 -8.48865 0.134665 0.990891
13.6736 -8.49961 0.133082 0.991105
13.6897 -8.51057 0.131499 0.991316
13.7057 -8.52153 0.129916 0.991525
13.7217 -8.5325 0.128332 0.991731
13.7378 -8.54346 0.126748 0.991935
13.7538 -8.55442 0.125164 0.992136
13.7698 -8.56539 0.123579 0.992335
13.7859 -8.57635 0.121995 0.992531
13.8019 -8.58731 0.120409 0.992724
13.8179 -8.59828 0.118824 0.992915
13.834 -8.60924 0.117238 0.993104
13.85 -8.6202 0.115652 0.99329
13.866 -8.63117 0.114065 0.993473
13.8821 -8.64213 0.112479 0.993654
13.8981 -8.65309 0.110892 0.993833
13.9141 -8.66406 0.109304 0.994008
13.9302 -8.67502 0.107717 0.994182
13.9462 -8.68598 0.106129 0.994352
13.9622 -8.69694 0.104541 0.994521
13.9783 -8.70791 0.102952 0.994686
13.9943 -8.71887 0.101364 0.994849
14.0103 -8.72983 0.0997746 0.99501
14.0263 -8.7408 0.0981854 0.995168
14.0424 -8.75176 0.096596 0.995324
14.0584 -8.76272 0.0950063 0.995477
14.0744 -8.77369 0.0934164 0.995627
14.0905 -8.78465 0.0918263 0.995775
14.1065 -8.79561 0.0902359 0.99592
14.1225 -8.80657 0.0886453 0.996063
14.1386 -8.81754 0.0870544 0.996204
14.1546 -8.8285 0.0854633 0.996341
14.1706 -8.83946 0.0838721 0.996477
14.1867 -8.85043 0.0822806 0.996609
14.2027 -8.86139 0.0806889 0.996739
14.2187 -8.87235 0.0790969 0.996867
14.2348 -8.88332 0.0775048 0.996992
14.2508 -8.89428 0.0759125 0.997114
14.2668 -8.90524 0.07432 0.997234
14.2829 -8.9162 0.0727273 0.997352
14.2989 -8.92717 0.0711344 0.997467
14.3149 -8.93813 0.0695414 0.997579
14.331 -8.94909 0.0679481 0.997689
14.347 -8.96006 0.0663547 0.997796
14.363 -8.97102 0.0647611 0.997901
14.3791 -8.98198 0.0631674 0.998003
14.3951 -8.99294 0.0615735 0.998103
14.4111 -9.00391 0.0599794 0.9982
14.4272 -9.01487 0.0583852 0.998294
14.4432 -9.02583 0.0567908 0.998386
14.4592 -9.0368 0.0551963 0.998476
14.4753 -9.04776 0.0536016 0.998562
14.4913 -9.05872 0.0520068 0.998647
14.5073 -9.06968 0.0504119 0.998729
14.5233 -9.08065 0.0488169 0.998808
14.5394 -9.09161 0.0472217 0.998884
14.5554 -9.10257 0.0456264 0.998959
14.5714 -9.11354 0.044031 0.99903
14.5875 -9.1245 0.0424354 0.999099
14.6035 -9.13546 0.0408398 0.999166
14.6195 -9.14642 0.0392441 0.99923
14.6356 -9.15739 0.0376482 0.999291
14.6516 -9.16835 0.0360523 0.99935
14.6676 -9.17931 0.0344563 0.999406
14.6837 -9.19028 0.0328602 0.99946
14.6997 -9.20124 0.031264 0.999511
14.7157 -9.2122 0.0296677 0.99956
14.7318 -9.22316 0.0280713 0.999606
14.7478 -9.23413 0.0264749 0.999649
14.7638 -9.24509 0.0248784 0.99969
14.7799 -9.25605 0.0232818 0.999729
14.7959 -9.26702 0.0216852 0.999765
14.8119 -9.27798 0.0200886 0.999798
14.828 -9.28894 0.0184918 0.999829
14.844 -9.2999 0.0168951 0.999857
14.86 -9.31087 0.0152983 0.999883
14.8761 -9.32183 0.0137014 0.999906
14.8921 -9.33279 0.0121045 0.999927
14.9081 -9.34375 0.0105076 0.999945
14.9242 -9.35472 0.00891065 0.99996
14.9402 -9.36568 0.00731368 0.999973
14.9562 -9.37664 0.0057167 0.999984
14.9722 -9.38761 0.0041197 0.999992
14.9883 -9.39857 0.00252268 0.999997
15.0043 -9.40953 0.000925667 1
15.0203 -9.42049 -0.000671353 1
15.0364 -9.43146 -0.00226837 0.999997
15.0524 -9.44242 -0.00386538 0.999993
15.0684 -9.45338 -0.00546239 0.999985
15.0845 -9.46434 -0.00705937 0.999975
15.1005 -9.47531 -0.00865635 0.999963
15.1165 -9.48627 -0.0102533 0.999947
15.1326 -9.49723 -0.0118502 0.99993
15.1486 -9.5082 -0.0134471 0.99991
15.1646 -9.51916 -0.015044 0.999887
15.1807 -9.53012 -0.0166408 0.999862
15.1967 -9.54108 -0.0182376 0.999834
15.2127 -9.55205 -0.0198343 0.999803
15.2288 -9.56301 -0.021431 0.99977
15.2448 -9.57397 -0.0230276 0.999735
15.2608 -9.58493 -0.0246242 0.999697
